0104
0110
0126
0165
0186
0192
0198
0222
0237
0252
0264
0293
0299
0320
0344
0361
0450
0524
0535
0543
0569
0593
0630
0637
0680
0683
0696
0735
0770
0782
0807
0823
0826
0836
0847
0872
0880
0893
0898
0899
0904
0914
0962
0977
0980
0987
0989
0993
1004
1005
1029
1036
1039
1095
1122
1153
1169
1199
1226
1229
1240
1272
1291
1316
1330
1339
1363
1373
1400
1405
1430
1469
1552
1566
1585
1594
1622
1650
1708
1737
1740
1754
1756
1790
1863
1867
1903
1921
1946
1950
1968
2008
2012
2051
2063
2067
2084
2139
2140
2188
2197
2217
2245
2259
2279
2300
2333
2338
2342
2369
2373
2384
2417
2491
2495
2535
2575
2625
2634
2648
2659
2663
2681
2684
2689
2723
2729
2819
2821
2846
2856
2857
2863
2931
2944
2962
2965
3000
