0002  20  10  10  25  10  20
0003   0   0   0  15  20  20
0004   0   0   0  10  20  20
0005  20   0  20  15  10   0
0008   0   0  10  10  10  20
0009   0  40  30  25  30  20
0012   0   0  10  15  20  20
0013  20  20  20  25  20  20
0014   0  20  10  25  20   0
0015  20   0   0  10  25  40
0017  20   0  20  15  40   0
0018   0  10  20  15  15   0
0019   0   0  30   5  25   0
0021   0  20  10  20  20  20
0022   0  30  10  20  10  40
0023  20  20  20  15  15  40
0024   0   0  30  15  20  20
0026  20  20  20  20  25  20
0027  20  30  10  25  20  20
0028   0  20  20  15  30   0
0029   0   0   0  20  20   0
0030   0   0   0  10  25   0
0031   0  10  10  10  25  20
0032   0  30  10  10  10  20
0033   0  30   0  10   5   0
0034   0  20   0  25   5   0
0035  20  20  30  15  15   0
0036   0  10   0  25  20   0
0037  20   0  20  15  30  60
0042   0  20  20  30  20   0
0044   0  20  30  15  15   0
0046  20  10  40  20  25   0
0050  40  10   0  20  15   0
0052  20  10  10  15  10  20
0055   0  10  10  10  30  40
0058   0  20  10  15  20   0
0060  20  20   0  15  10   0
0061   0  10  10  30  20  20
0062  20  30  10  25  15  20
0063  20  20   0  15  15   0
0064  20  10   0  20  25  40
0065   0  10  10  10  15  20
0068   0   0  10   5  10   0
0069   0  30  30  15  20  20
0070  20  10  20  10  15   0
0072  20  20  30  15  20  40
0073  20  10  20  35  25   0
0074  20  20  10  10  10  20
0075   0  10  30  20  20  20
0076   0  20  30  20  20  20
0077   0   0   0  35  15  20
0079   0  30  20  20  30   0
0080  20  10  10  10  10  20
0081   0  20  20  25  25  20
0082   0  40  10  25  25  20
0084   0  20  30  15  25   0
0085   0  30  10  20  20   0
0086  20  50   0  35  15  20
0087  20  10  10  15  10   0
0088  20  10   0  35  15  20
0089  20  10  10  15  20   0
0090   0   0  20  15  15   0
0091  20  10  20  20   5   0
0092   0  20  40  30  25  20
0093   0   0  10  25  20  20
0094  20  10  20  20  30   0
0095   0  20   0  20  30   0
0096  20   0  10  20  25   0
0097  20  30   0   5  15  40
0098   0  20  10  20  30   0
0099  40   0  30  15  10  40
0100   0   0  20  20  20  40
0101   0   0  20  25  15  40
0102   0  10  30  15  20  40
0103   0  20  30  10  20   0
0105  20  10  20  15  15  40
0106  20  20  20  20  20  40
0107   0  20  20   5  20   0
0108   0  30   0  25  20  20
0112   0  20  30  20  20  20
0113  20  10   0  20  20  20
0114  60  10  10  20  25  20
0115  20  20  10  20  25  20
0116   0  10  20  30  25   0
0117   0   0  10  15  30  40
0118  20   0  30  20  35  20
0119   0  10  10  25  10   0
0120   0  10  10  15  10  20
0121   0  10  10  15  20   0
0122   0  20  20   5  15   0
0123   0  30  10  15  20   0
0124   0   0  40  15  25  40
0127   0   0   0  20  10  60
0128  20   0   0   5  15   0
0129   0  10   0  10  30   0
0130  20  40   0  20  20   0
0131  40   0  30  25   5   0
0132   0  40  20  30  25  20
0133  20  30   0  20  20   0
0134  60  10  20  25  10   0
0135  20  10  10  25  25  20
0136  20  30  10  25  10   0
0137  20  30  10  35  20   0
0138   0  20  10  20  10   0
0141  20  10  50  30  35   0
0142  40  30  20  15  20   0
0143  20  20  10  25  15  20
0144   0  20  30  25  20  20
0145   0  20  10  45  15   0
0148   0  20   0  20  20   0
0149  20  20  30  15  10   0
0151   0  10  20  15  15   0
0152  20  30  30   5  25  20
0154  20  20  10  20  15   0
0155  20  20   0  30  20   0
0156   0   0  10  15  25  40
0157   0  10  40  10  10   0
0158  20  10   0  10  20  60
0159   0  10  20  25  20   0
0160  20   0  10  15   5  20
0163   0  10  10  15  10   0
0164  40  20  10  25  30   0
0166  40  10  20  25  20   0
0168  20  20  10  25  25  20
0169   0  30  10   5  20   0
0170  20  20   0  25  20  20
0172  20  10  10  50  20  20
0174  20  20  30  15  10  20
0175  20  20  20  15  20   0
0176  40  10  30  30  10   0
0178   0  20  10  25  25  20
0180   0   0  10  10   5   0
0183  20   0  10  25  15  20
0185   0   0  30  20   5  20
0189   0  10  10  15  25  20
0191  20   0   0  20  20   0
0193  20   0  10  10  30  20
0195   0  10  20  20  15   0
0196  20  20  10  15  15  40
0197  40  10  10  25  15  20
0199   0   0  30  10  10  20
0202   0   0  10  15  15   0
0204  20   0  20  20  10   0
0205   0  10   0  15  20  20
0206  20  20  30  20  20  20
0208  60   0   0  10  25  20
0209   0  10  30  20  25   0
0211   0  10  10  10  10   0
0212  20  40  10  15  40   0
0213  20   0  10  20  20  40
0216   0  10  20  10  20  40
0219  20  10  20  20  20  20
0220  20  20  30  15  20   0
0221  20   0   0  30  35   0
0225   0  10  20  25  15  20
0226   0  20  10  20  15   0
0227  40  10  10   5  15   0
0229   0   0  20  20  25  40
0230  20  10  30  25  10  20
0234   0  10  10  20  15   0
0238  20  10  10  15  15   0
0239  20  30  30  15  15   0
0242   0  10  30  25  25  20
0245  20  10  10  30  30   0
0250  40   0  20  10  30  20
0251  40  30  20  15  25   0
0253  20   0  10  20  20   0
0256  20  40  40  20  15  20
0261   0  20  30  20  15  40
0262   0  10  10  10  20   0
0263   0  20  20  15   5   0
0270   0  20  10  20  25   0
0271  20  10  10   5  20   0
0272   0   0  20  20  20  20
0273  40   0  10  30  10   0
0276  20  10  10  25  10   0
0278   0  10  10  15  15  40
0281  20   0  10  25  20   0
0282  20   0  10  20  20  20
0283   0  30  10  15  30   0
0285   0  30  10  20  20  20
0286  20  20   0  20  35   0
0287   0  30  10   5  15  40
0288   0   0  10  20  15  40
0289   0  10  10  15  20  20
0291   0   0   0  15  20  20
0292   0  20  10  30  10   0
0294   0  10   0  20  15   0
0295  40  10  10  10  20   0
0297   0  10  30  10  20   0
0298  20  50  10  10  35  40
0300   0  10  10  10  10   0
0303   0   0  20  20  20  20
0304   0  10  30  15  10   0
0306   0  10   0  25  20  40
0307   0  10  20  10  10  20
0309   0  20  30  10  25  40
0310  20  10   0  10  25  20
0311  20  10  20  10  25  40
0314   0  10   0  40  25  20
0315   0  10  20  10  10  40
0316  20  10   0  25  20   0
0317   0  10  20   5  25  40
0319  20  10  20  10  15   0
0321  20  10  10  25  10   0
0323   0   0  10  20  10  40
0324  20  10  20  10  25  20
0325   0  20  20  10  25   0
0326   0  10  10  10  20  20
0327  40   0   0  15  15   0
0329   0  20  10  20  20  20
0330  20  10  20  35  25  40
0332   0  20  20  10  10   0
0333  20  10  20  15  10   0
0334  20  20  10  20  10   0
0335   0   0  20  30  10  20
0336  20  10  10  15  25  20
0340   0  40  30  25  15  60
0343  20  10  10  15  20   0
0349   0  20  10  30  15  40
0354  20  30  10  15  10   0
0355  40  20   0  15  30  20
0358  20  20  20  20  25   0
0363   0   0  20  20  20  20
0364   0  10  30  15  20  20
0365  20   0  10  15  30   0
0367   0   0  10  25  20  20
0372   0  20   0  20  15  20
0378   0   0  10  15  25   0
0380  20  10   0  20  20  40
0381  20  20  10   5  20  20
0382   0  10  20  25   5  20
0384   0  10  20  20  20   0
0385  40  20  10  35  20   0
0386   0  20  10   5  30  20
0387  40   0  10  35  20  20
0388   0  30  30  15  30  20
0390  20  20  20  20  15  20
0391   0   0  30  20  40  20
0392   0  30   0  35  15  20
0393  20  10  30  25  10  20
0394  20  30  20   5  30  20
0395  20  20  20  25  25   0
0396   0  40   0  10  10  20
0397   0  20  30  25  20   0
0398  20  20  20  15  10  40
0401   0  10   0  30  15  20
0402   0  20  10   5  10   0
0403  20  20   0  20  35  20
0404  20   0  10  15  10  20
0406  20  20   0  30  15  20
0407  60  30   0  20  20  60
0408  20  20   0  15  15  20
0409   0   0  40  15  25  20
0410  20  10  20  15  30   0
0411   0  10  10  20  25   0
0412   0  30  10  10  15   0
0414   0  20  10   5  15   0
0418  20  30  10  10  15  20
0419   0   0  10  25   5  40
0420   0  10  20  25  20  20
0421  20   0  10  20  15   0
0424   0  10   0  10  25  20
0425  20  30  10  15   5   0
0427  20  20  40  35  10  60
0428   0   0   0  20  20  20
0430  20  20  20  20  15   0
0432   0  20  20  20  20   0
0434   0  10  40  10  25   0
0435  20   0  40  15  25  20
0436  20  10  20  25  25  40
0439  40  20  10  20  20  20
0440   0  10  30  25  10  20
0442  20  10  30  20  20   0
0443   0  10  10  30   5   0
0446   0  10  30  10  20   0
0449  20  20  30  30  20  40
0451  20  10  20  20  20   0
0452  40   0  20  10  10   0
0453   0  20  10  10  15  20
0454  20  10  20  10  20   0
0457   0  20  20  20  15   0
0459   0  10  30  10  25  20
0461  20   0   0  15  15  20
0462  20  30  30  20  10   0
0463   0  10  30  25  10  40
0464   0  20  40  30  10  40
0466   0  10  30  25  25   0
0467   0  10  20  20  25  40
0468   0  20  30  25  10   0
0469  20  10   0  15  25   0
0470  40  20  20  20  25  40
0472  20  10  10  30  15   0
0474   0  10   0  10  15   0
0476   0  30  30  20  15   0
0479   0  30   0  30  20   0
0480   0   0   0  15  15   0
0483   0  10  20  10  15  60
0484   0   0  10  15   5  20
0485   0   0  30  20  15  40
0486   0   0  30  20  25  20
0490   0   0  10  15  20   0
0494   0  20  20  15  15  40
0497  20   0  10  20   5  20
0500   0  10   0  20  20   0
0502   0  30  10  25  25  40
0503   0  10  10  25  10   0
0505   0  30  20  20  25   0
0507   0  10   0  15   5  20
0508  20  10  30  15  25  20
0510  20  10   0  15  15  20
0511   0   0  10  10  15   0
0514   0   0   0  10  10   0
0515  20  10  20  25  15  20
0516   0  10   0  20  25   0
0518  20  10  10  20  15  20
0519   0   0  30  20  10  40
0520   0  10  30  15  20  20
0521   0  20  10  20  15  20
0525  20   0  10  10  10   0
0527   0  10  20  15  25   0
0528   0  10  20  30  10   0
0529   0  10  10  30  25  20
0530   0  30  20  20  10  20
0531  20  10  10  20  20  20
0532   0   0  20  25  10  20
0536   0   0  20  25  15  20
0538   0  10   0  10  20  20
0539   0  10  20  25  35  20
0541   0  20  10  15  25  40
0542  20  10   0  10  15  40
0544   0  20  10  25  30   0
0546   0   0  20  20  15  20
0547   0  20  10  15  20  20
0548   0  20   0  15   5   0
0549  20  30  20  10  15  40
0550  20  10  10  15  15  40
0554   0  30  20  20  20   0
0555  20  10   0   5  20  20
0556   0  20   0  15  25   0
0558  20  20  10  15  20   0
0559  20  20  20  30  10  20
0561   0  20   0  30  20   0
0562   0  10  20  15  15  20
0563  20  10  20  35   5  20
0564   0  10  10  20  20   0
0566   0  10  30  15  15   0
0568  20  40  20  25  20   0
0570   0  40  40  20  15   0
0571   0  30  10  15  25   0
0572   0  10  20  25  25  20
0573  20  10   0  30  15   0
0578  20  40   0  15  15  20
0579   0  20   0  25  25  20
0580  60   0  10  15  25  20
0585  20  30  10  15  20  60
0587  20   0  30  30  25   0
0588  20  10  10  10  15  20
0589  20  20  20  15  10   0
0592   0   0  10  40  15   0
0594   0   0  20  20  10   0
0596   0  10  20  20   5   0
0597  20  20  20  15  10   0
0598  20   0  10  20  15   0
0601   0  10  10  10  30   0
0602   0   0   0  25  20  20
0603   0   0  20  15  25  20
0604  60  10   0  20  25   0
0605   0   0  20  10  25   0
0606   0  20  10  15  10   0
0607  20   0  10  15  15  20
0608   0  10  20  15  25  20
0609   0  20  10   5  30   0
0611   0  10  10  15  15   0
0613   0  10  10   5  10  20
0614   0  20  40  25  20  20
0616  20  10   0  25  15   0
0618   0   0  20   5  20  20
0620   0   0  20   5  15   0
0621   0  30  20  20  35   0
0622   0  30  30  15   5   0
0624  40   0  10  15  30   0
0628   0  10  20  15  40  20
0631  20  20   0  15  10   0
0633  20  40  20  25  20  40
0635  20  20  30  30  20  40
0636  40  20  10  15  20   0
0639   0  10   0  25  15  20
0640  20  20  10  10  10  20
0641  20   0   0  20  20  60
0642  20  10  20  20  15  20
0643  20  20  20  25  20   0
0644  20  10  20  20   5  40
0646  20  30  10  10  20   0
0647  20  20  10   5  15   0
0648   0  30  10  15  25  20
0649   0   0  10  25   5  20
0650   0  20  20  15  15   0
0651   0  10  20  10  35   0
0653   0  40  20  35  25  40
0654  40  10  10  20  20   0
0656   0   0  10  25  15   0
0657   0  10   0  25  10  20
0658   0  10   0  25  20   0
0659  20  10  20  30  25  40
0660   0  20  20  10  10   0
0661   0  10  20  25  20   0
0664  40  20  10  15  20   0
0666   0  10  10  15  15   0
0669   0  40  10  20  15  20
0671  40   0  40  20  10   0
0672  20  20  10  25  20   0
0673   0   0  20  15  25   0
0674   0  20  20  15  30  20
0675   0  10  10  20  20  40
0676  20   0  30  15  15   0
0677   0  20   0  10  25  20
0679  20  20  10  15  35  20
0681  20  20  10   5  10  20
0686  20  10  20  10  10   0
0687   0   0  30   5  25   0
0689  20  10  10  35  10   0
0690  20  10  20  15  15  40
0691  20  20  20  15  15  40
0692   0  10  30  10  10  40
0693   0  10  10  10  15   0
0694  20  10  10  10  20  20
0695  20   0   0  15  30  40
0697   0  10  10  15  20  40
0698   0  10  10  15  15   0
0700  20  10  10  35  20   0
0701  40  30  20  20  20  20
0702  20  20  10  15  15   0
0708   0  10   0  15  25  20
0710   0  20   0  30  15  40
0711  20  10  10  10  15  40
0712  20  30  10  25  10   0
0713   0  30   0  20  15   0
0714   0  20  10  10  25   0
0715   0  20  20  25  25   0
0716   0  20  20  15  15   0
0717  20  20   0  20  20  20
0719   0  10  20  15  20  20
0722   0   0   0  15  10  40
0723   0  10  20  10  40  20
0725  20   0   0  10  15  40
0728  20  30  20  30  20  20
0729   0   0  10  15  15   0
0732   0   0  30  15  10  20
0733   0  10  30  15  10   0
0736   0  20   0  40  15  20
0737  40   0   0  15  20  40
0738   0  20  10  15  15   0
0739   0   0  20  25  20   0
0740   0  20   0  15  15   0
0744  20  10  10  15  15  20
0746   0  20  20  20  15  20
0747  40  30  10  20  15  20
0748   0  30   0  35  15  40
0751  20  10  10  10   5   0
0752  20  30  20  10  20   0
0757  20  10  10  20  20  20
0758  20   0   0  15  15  20
0760  40  20  10  20  20  20
0765  40  20   0  10  15  40
0766   0   0  30  10  15  20
0767  20  10  20  15  25   0
0769  20  50  20  20  25  20
0771  20   0  20  20  15   0
0772   0  20  10  20  15  20
0773   0  10  20  10  30  20
0774   0  20  20  15  10  40
0775  20  20  10  20  25   0
0779   0  10   0  20  10  20
0780  20  10  20  15   5   0
0785   0  10  20  15  10   0
0786   0  20  40  20  20  20
0788   0  10  30  15  10  40
0791   0  20  20  10  15  20
0792  20  10  20  25  20   0
0794   0  20   0  25  15  20
0795   0  10  20  15  20  40
0796  40  10  10  25  25  40
0797   0  30  30  15  25  20
0798   0  10  10  15  15  20
0799   0   0  10  10  20   0
0801   0  10  10  25  15   0
0803  20  20  30  10  20  20
0804  40  30  10  10  30  20
0805  20  10   0  15  15   0
0806  40  10  20  15  30   0
0811  20  20  10  20  25  20
0812   0  20  30  20   5  40
0814   0   0  20  30  20   0
0815  40  20  10  25  20   0
0816  20  20   0  25  15   0
0822   0  20  20  10  20  20
0824  20  40   0  20  10  40
0825   0  20  20  25  45   0
0827  40  30  10  30  25   0
0828  20  10  10  25  10  20
0830  40  20  10  10  20  60
0831  40  10  30  10  30   0
0833   0  10  10  15  15   0
0835  20  10   0  20  20   0
0837  60  10  10  20  20  40
0838  20   0  30  15  10   0
0840   0   0  20  10  10   0
0841  20  10  20  30  15   0
0842   0  40  20  25  15  20
0844  20  10  10  15  10   0
0845   0  10   0  10  20   0
0848  20  20  20  20  20   0
0850   0  20  20  35  10  40
0851  20  20  10  10  15   0
0853   0  20  10  30  15  40
0854  20  20  20  15   5  40
0855  40   0   0  20  25   0
0857   0  30  10  15  20   0
0858  20  10  20  15  30  20
0860  20   0   0  30  10   0
0861  20   0  10  25  15  20
0863  40   0  30  15  20   0
0865   0  10  20  20  30  20
0866   0  20  20  20  30  20
0867  20  10  10  20  20  40
0868   0  10  40  10  15  20
0869  20  20   0  15  20  20
0871  40  20  20  10  20   0
0873  20  20  20  25  10  20
0874  20   0  40  20  20   0
0875  40  10  30  15   5  20
0877   0  20  10  10  15   0
0878   0  20  10  15  15   0
0882   0  30  30  35  20   0
0883  40  20  10  20  15   0
0885   0  20  10  25  30  60
0886   0   0  20  20  20   0
0888   0   0  20  20  20  20
0889   0  20  10   5  20  40
0891   0  20  10  20  15   0
0894   0  10  10  30  10   0
0895   0  20  20  20  15  20
0896   0  10   0  20  15   0
0900  20  20  10   5  10   0
0902   0  10  10  25  20   0
0905  20  20  20  25  20  40
0906   0   0  10  20  15  20
0907   0   0  10  25  25   0
0909   0  10  30  15  10   0
0910  40  30  30  25  15   0
0911  20  20   0  15  30  20
0913  20  10  20  20  20   0
0915   0  10  20  15  15   0
0916   0  10  30  10  15  20
0917  40  20  10  30  20  40
0919  20  20  10  30  15   0
0921   0  30  10  15  20  20
0922  20  30  30  15  20   0
0924  40  10  10  15  20  20
0925  20  20   0  15  20   0
0927  20  10  20   5   5   0
0932  20   0  20  10   5  20
0934   0   0  10  25  20   0
0935   0  10  20  25   5   0
0936   0   0   0  30  15  40
0938   0  20  20  15  15  20
0942   0  10  10   5  25   0
0945   0  20  40   5  15  20
0946   0  20  20  25  30   0
0948  20  10   0  10  25  40
0949  20  20  10  10   5   0
0950  20  10   0  15  20  40
0954   0  20  10  20  10  60
0955   0  10  30  10  15   0
0957  20   0  30  15  15  40
0958   0  10   0  25  35  40
0961  20   0  10  10  25  20
0964  20  10  30  15  30   0
0966  20  10   0  20  15  20
0967   0  20  20  15  15  40
0968   0  10   0  10  20   0
0970   0   0  10  20  10  20
0972  20   0   0  35  15  20
0973  20   0   0  10  20   0
0974  40   0   0  10  15   0
0975   0  10   0  25  10  20
0976   0  30  10  15  15  40
0981   0   0   0  15  20  20
0982   0  10  20  15  15   0
0984   0  30  10  15  20  20
0985  60  10  20  15  30  20
0988   0  30  20  15  30  20
0990   0  10  10  10  25   0
0991   0  20  20  25  35  20
0996  20   0  20  20  15  40
0997   0  10   0  30  20  40
0998  20  10   0  10  20  20
1002   0  20  30  25   5  20
1003  20  10   0  25   5  60
1006   0  30  10  10  35  40
1007   0  30  10  25  10   0
1009  20  20  10  15  20  40
1012   0   0  20  10  20  20
1013  20  30  20  35  20   0
1014  20   0   0  30  20   0
1015   0  40   0  15  25   0
1016   0  20   0   5  20  40
1019   0  20  10  25  10   0
1020   0  10  10  15  15   0
1021   0  20  10  20  15  60
1022  20  10  10  10  25  20
1026  20  10  10  20  30   0
1027  20  20  30  20  20  40
1030   0  20  10  15  10   0
1031   0  20  10  20  10  20
1032   0  20  10  15  15  40
1033  20  20  10  20  15  20
1034  20  10  20  15  10  40
1037  20   0  30  15  25  20
1038  20  20  30  15   5  20
1040   0   0  30   5  20   0
1043  40  20  20  10  20   0
1045  20  20  30  10  15   0
1046  20   0   0  20  15  20
1049  20   0  30  20  25   0
1050  20  20  10  20  10  20
1052  20  20   0  30  25  20
1053  20  10  10  20  15  20
1054   0  10  40  25  20  40
1055   0  40  20  15  30  20
1058  20   0   0  20  20  20
1059   0  30  20  15  15   0
1060   0   0  10  20  10  40
1061  20  10  10  20  30   0
1062  20  20  10  20  45  20
1064   0  30  10   5   5   0
1067  20  30  20  10  20   0
1068   0   0  30  15  10   0
1069   0  30  30  20  20  20
1070   0  10   0  25  25  20
1072   0   0  20  25  10  20
1075   0  10   0  30  25   0
1076  20   0  20  20  20  20
1078   0  20  10  20  20   0
1079  20  10  30  10  20   0
1084   0   0  20  35  15  20
1086  20  20  10  20  25  60
1088  20  20   0  20  30  40
1089   0  10   0  15  20  20
1090   0  20  20  15  25  20
1092  20  20   0  20  10  40
1093   0  10  30  20  10   0
1098   0  10   0  10  15  20
1099  40  10  10  15  20  20
1100  20  40  10  20  30  40
1101  40  30  30  15   5   0
1102  40  20  10  10  10   0
1103  40  30  10  10  20  40
1104  20  20  20  30  20  20
1106  20  10  30  15  10   0
1107  40  10  10  25  25   0
1109   0   0  20  10  25  20
1110   0  10  10  15  20   0
1111  20  10   0  20   5   0
1112  20  10  20  25  10   0
1116  20  10  20  15  10   0
1117  20  40  30  20  10  20
1118  40  10  20  35  20   0
1121   0  10  10  15   5  20
1123  40  10  20  10  20  20
1124  20  10  10   5  25  20
1125   0  10   0  15  10  40
1126   0   0  10  20  20   0
1128  20  10  50  20  25  20
1129  20  10   0  25  25  20
1130  20  20   0  15  15   0
1132   0  20  10  20  15  20
1134   0   0  10  10  30  60
1135   0  10   0  15   5  40
1136   0  20   0  25  30  20
1137  20  20  30  10  20  40
1138  20  20  10  30  20  20
1139  20  10  20  15  20  40
1140  20  10   0  15   5   0
1141   0  30   0  20  30   0
1143  20   0  20  15  20  20
1145   0  20  20  10  10  20
1147  20  10   0  25  20  40
1148  20  20  10  25  25  20
1150  40  30  40  10  20  40
1151  20  10  10  25  20  40
1152   0   0  20  20  30  40
1155  20   0   0  20  15   0
1156   0  30   0  20  15  20
1159   0  10  30  10  15  20
1160  20  30  20  10  15   0
1161  20  10  20  20  10   0
1162  40  20  20  15  20   0
1163  20  10  10  15  15  20
1164   0   0  20  20  10  20
1165   0  20  10  25  10   0
1167   0  10  20  10  20   0
1168  20   0  20  20  20  20
1171   0  10  20  20  20   0
1172  20  20  10  20  30   0
1176  60   0  40  20  20  20
1177   0  10   0  10  15  20
1179   0  10  20  10  25  20
1183   0  10  10  15  10  60
1184   0   0   0  15  10  40
1185  20   0   0  10  30  20
1186   0  20   0  20  20   0
1189   0   0  10  15   5   0
1191   0  10   0  15  20  20
1192  20  10  30  20  20  20
1193   0  10   0  20  10   0
1195   0  10  20  20  15  20
1196  20  10  20  25  15   0
1198  20  10  20  20  20  20
1200  20   0   0  20  25   0
1201   0   0  10  10  15   0
1202   0   0  20  15  15   0
1204  20  30  30  15  15  20
1205   0  30  20  30  20  20
1208  20  20  10  15  20  20
1210   0  10  20   5  15  40
1211   0  30  10  20  25  20
1212   0  10  10  25  15   0
1213   0  30  10  20  20   0
1215   0  30   0  20  15  20
1217  20  10  30  25  15   0
1218  20  10  20  20  15  20
1219   0  20  10  25  15  20
1221  20  30   0  15  15  20
1223   0   0   0  20  15   0
1227  20  20  20  20  10  20
1231   0  20   0   5  15   0
1232   0  20  10  10  20  20
1233   0  20  10  20  25  20
1235  20   0  40  35  20  20
1236   0  20  10  15  15  20
1241   0   0  10  20  20  20
1242   0  10  30  20  15  20
1243   0  40  10  10  30   0
1244  20  10  10  15  15  20
1246  20  20   0  15  15  20
1247  20  20  30  15  25   0
1248   0  20  20  15  20  40
1249   0  20  10  25  15   0
1250   0  20   0  10  25   0
1252   0   0  20  10   5  20
1253  60   0  20  25  10   0
1255   0  10  20  15  15  40
1257  20  20  20  10  10   0
1259  40  10  10  10  20  20
1260   0   0  10  20  20   0
1261   0   0  30  15  25  60
1262   0  10  10  10  20  20
1264  20  20  20  10  15  20
1265  20  30  20  25  20  40
1269  40  10  20  15  10   0
1270   0   0  10  20  15  20
1271   0   0   0  15  15   0
1273  20  20   0  20  20   0
1274   0   0  30  25  30   0
1276  40  40  30  20  20  20
1277   0  10   0  20  10  20
1278  20  20  20  30  15   0
1279   0  20  20  15  25   0
1280   0  10   0  25  15   0
1282  20   0  10  15  15   0
1283  20  10  10  10  30  40
1284  20  10  10  10  10  20
1286   0   0  20  30  25  20
1287   0   0  20  15  30  20
1289   0  10   0  15  20   0
1290  20  30  30  10  15  20
1292  20  10  20  20  25  20
1293   0   0  20  15  15  40
1294  40  20  10  20  25   0
1295   0  10  20  35  15  20
1297  20  10  50  35  15  20
1298   0  20  10  25  25   0
1299  20  10   0  20  15  20
1300   0  10  30  25  10  20
1301   0  10  30  20  15  20
1302   0  20  30  15  15  20
1305  60  20   0   5  10  20
1306   0  30  10   5  25  60
1307  40  30  20  30  10  20
1317   0  20  20  10  30   0
1319  20  20  10  15  25   0
1321   0  30   0  20  15   0
1322   0  10  20  15  15  20
1323   0  20  30  15   5   0
1325   0  10  10  15  20  20
1326   0  10  30   5  15  20
1327  40   0  20  20  15  60
1328   0  20  10  20  25  20
1329   0  30  20  30  25   0
1331  20  20  10  20  15   0
1333  20  30   0  20  20  20
1335   0  10   0  15  20  20
1337  20  10  20  25  15   0
1341   0  20  20  20  15  20
1342   0   0  10  25  10   0
1343  20   0  10  10  15  40
1345   0  10  10  10  20   0
1346  40   0  10  25  20  20
1347  20  10  20  20  10   0
1350  20  20  10  15   5  40
1351  20  30  20  20  25   0
1352  20  20  20  30  10  20
1353  40   0  20  10  20  40
1354  20   0   0  15   5   0
1355   0  40  30  30  30  20
1356  20  10  10  10  10  20
1357   0  10  10  35  15   0
1358   0  10  10  20   5  20
1359   0   0  20  35  10   0
1360  20  10   0  15  25  20
1361   0   0  20  20  15  20
1362  20  20  10  10  25  40
1364  20  10  30  10  10   0
1365  20  20  20  10  25  40
1366   0  10  10  30  20  20
1368  40  20  10  20  20  40
1370  20   0  30  20  10   0
1371  20  20  20  25  15   0
1372   0   0  10  20  25  40
1376   0  10  40  30  30  20
1377  20   0  10  15  20   0
1378  20  40  30  25  15   0
1379  20  10   0  10  10   0
1380  20   0  10  20  15  20
1381  20  10  20  10  20   0
1382   0  20   0  20  25   0
1384  20  20  10  25  15  20
1386  20  20  20  20  15   0
1389   0  50  20  15  30  20
1391   0  20   0  30  25   0
1393   0  10  20  20  15   0
1394  40  10  40  15  15  20
1396   0  40  10  20  20   0
1398  40   0  20  25  10  40
1402   0  20   0  10  20   0
1403   0  10   0  10  10  20
1404  20  30  10  25  15  20
1407   0  30  30  20  40  20
1408  20   0  10  15  10  20
1409  20  10  10  20  20  20
1411  20  30  30  10  15   0
1413  40   0  20  25  15  20
1414  40   0  10  25  15  40
1415  40  10  30   5  30  20
1417  20  10   0  20  10  20
1420  20  20  10  25  15  40
1421   0  20  20   5  30  20
1422  20   0  10  15  15   0
1424   0  20  30  30  25   0
1425   0  30  30  15  10   0
1427   0  10  20  35  10   0
1428   0  10  30   5  15  60
1429   0   0  20  30  15   0
1431   0   0  30  15  10  20
1434  20  20  20  20  20  20
1435  20  10  30  10  30  20
1437   0  20  30  30  25   0
1438   0  20  10  20   5   0
1439   0  10  10  15  20  20
1442  20  10  30  15  25   0
1443  40  10   0  25   5   0
1444   0  10  30  10  15  20
1446  40  20   0  25   5   0
1447   0  30  10  15  10   0
1448  40  10   0  30  20  20
1449   0  10  10  15  25   0
1450  20   0  30   5  20  40
1451   0  10  20  15  20  20
1452   0   0  20  10  25   0
1454  20  30  10  15  10  20
1456  20  10  10  10  15   0
1457  20  10   0  20  20   0
1460  20  10  20  20  25   0
1462   0  20  10  25  30  20
1463  20   0  10  25  25  20
1465   0  20  30  15  25   0
1466  40  10  20  35  15   0
1467   0  10  10  20  30  20
1468   0  10   0  10  15  20
1472   0  40  40  15  25  20
1473  20  30   0  10  15  20
1474   0   0  30  20  20  40
1477  40  20  10  10  30  20
1478  20  10  10   5  20  40
1480   0   0  10  25  25   0
1481   0  10   0  25  15   0
1482  20  30  20   5  20  20
1484   0  10  10  20  35  20
1485  20  10  20  15  30   0
1487   0  10  20  25  15  20
1488   0  60   0  20  20  20
1489  40  20  10  10  25   0
1491  20  10   0  20  10   0
1492  20  30  30  20  15  20
1493   0  20  30  15  15  40
1495   0  10  10  30  25  20
1497   0  10  20  35  15   0
1498  20   0  10  20  10   0
1501  20  10   0  20  15  40
1502  20  10  50  20  20  20
1503   0  30   0  15  20  20
1504   0   0  20  15  20  40
1505  40   0  10  15  25  20
1507   0  10  20  25  10  40
1508  20  30  10  15  35  40
1509  20  10  20  30  15   0
1510  40   0  10  20  20   0
1511  40  10  10  20  15   0
1513   0   0   0  40  20   0
1514   0  10   0  20  20  20
1515   0  20   0   5   5  20
1516   0  10  20  15  10  20
1517   0  20  10  15  15   0
1519  20  30  20  15  15   0
1521   0  20  10  30  30  20
1523   0   0  20  15  10  40
1525  20  20  20  15  30   0
1527   0  20   0  20  10  40
1529   0  20  10  15   5  20
1530  20  10   0  25   5  20
1532  20  10  20  15  10  60
1533   0  30   0  25  20  40
1534  40  20  10  30   5  20
1535   0  10  20  15  10  20
1536   0  20  10  10  30   0
1538  20  10  20  30  10  40
1539   0  10  10  20  30   0
1540  20  20   0  15  15  20
1541  20  30   0  25  20  20
1543   0  20  30  15  20  20
1544   0  20   0  30   5   0
1545  20  10  20  15  40  60
1547   0  20  30  10  20   0
1548   0  10  10  10  30   0
1549   0  10   0  10  15  20
1551   0  10  20  20  15  40
1554  20  10  10   5  15  40
1556  20   0  20   5  20  20
1558  40  30  20  25  25   0
1559  20  20   0  15  15  20
1562   0  10  30  15  10  20
1563  20  20  20  15  25  40
1564  20  10  10  25  20  40
1569  40   0  30  15  10  40
1570   0  20  20  20  25   0
1571   0  20  40  20  25   0
1574   0  10  20  25  20   0
1576  40  10  20   5   5  20
1577  20  20  10  10  25   0
1578   0  10  10  15  15  40
1580  20  30  10  15  10  40
1581   0  20  10  10  20   0
1583   0  10  10  30  25   0
1584   0  10  20  15  10  40
1587   0  30  10  30  10  20
1588   0  10  20  20  15  20
1589   0  10   0  10  20  20
1590  40  30  10  20  20  20
1591  20  10   0   5  20  20
1592   0  30  20  25  15  20
1593   0  20  10  15  20  20
1595  20  30  10  20  15  20
1596  20  20  10  10  25   0
1597  20  10  10  25  30  20
1598   0  20  20  15  15   0
1599   0  20  30  15  20   0
1601  20  30  30  10  10  20
1603   0  10  10  20  10   0
1606   0  20   0  10  15   0
1607  20   0  40  15  25  20
1609  20   0  10  35   5  40
1610  20  20  10  20   5  20
1611   0  20  10  15  15  40
1615  20  30  10  15  15   0
1616  20  20  10  25  10   0
1617   0   0  10  20  25   0
1620   0  10   0   5  15  20
1621  40  30  30  25  15  60
1624   0  20  20  15  20   0
1629   0  20  10  10  20   0
1631  20  10  10  20  20   0
1632   0  10  20  10  10  20
1633  20  20  20  20  15   0
1635  20  10  20  15  20   0
1637  20   0  30  15  25   0
1638  20  20  10  15  20  20
1640   0  40  10  15  15  40
1641   0   0  30  20  20  40
1642  20  10  20  40  20  20
1643   0   0  20  15  20   0
1644  20  10  30  20  15   0
1645   0  20   0  20  15   0
1649  20  10  20  25  20   0
1651  20  10  20  25  20   0
1653   0  10  20  25  20  20
1654  20  20  10  20  30   0
1655  20  20  10  20  25  20
1657   0  20  20  30  20  20
1660  20  20   0  40  15  20
1661   0  20   0  15  15   0
1662  20  10   0  10  20   0
1663  20  10  20  15  30   0
1664  20  10  10  15  25  20
1665   0  10  10  40  15   0
1666  20  20  10  15  10  20
1667   0   0  10  15  20   0
1669   0  10  20  30  30  60
1672  40  20  10  10  20   0
1673  20  10  30  25  20   0
1675   0   0  30  10  10   0
1676   0   0  30  30  20  20
1678   0  20  10  20  20   0
1679   0  10  10  30  15  20
1680   0  10   0  15  10   0
1681  20  30  20  15  20  20
1682  40  10   0   5  25  20
1683   0  40  30  10  25  20
1688   0  30  20  10  15  40
1691  60  10  20  25  25   0
1692   0  10  30  20  10  20
1693   0   0  20  20  25  20
1696   0  30   0  20  15  20
1698  40   0  20  15  15   0
1701  20  10  20  20  15   0
1702  20  20  10  20  15   0
1704   0  20  10  30  20  20
1706   0  20  20  20  10   0
1707  20  10   0  10  25   0
1709  20   0  30  25  15  20
1712  20  40  20  20  30  20
1713  20  30  20  25  25  20
1715  20  30  30  10  20   0
1716   0  10  20  10  15  40
1718   0  20  20  25   5  40
1720  20  10  20  25   5  20
1722  20  40  10  15  25  20
1723  40   0  10  20  10  20
1725  40  20  10  15  20  20
1726   0  20   0  10  10   0
1727  40  10  10  20  15   0
1728  40  10  10  25  25   0
1731   0  20  10  15  20  20
1735   0  20  30   5  20   0
1736   0  20  30  10  10  20
1738  60  10  30  20  30   0
1739  20   0  20  20  15  60
1741  40   0  20  30  25  20
1742  20  20  20  30  10  20
1744   0  10  10  10  15   0
1745  20  40  20  10  20  40
1746   0  20  10  20  25  20
1748   0  10  20  20  20  20
1749  20  20  10  10  15   0
1750   0  10  10  25  20   0
1753   0  10  10  35  10  20
1755  20   0  20  20  20   0
1758  20  40  10  20   5  20
1760   0  10  10  15  15   0
1761  40  40  10  30  10   0
1762  20  10  20  20  20  20
1765  20  30  20  10  25   0
1767   0  30  30  20  10   0
1770   0  30  10  15  30  20
1773  20  20  10  20  25  20
1774   0  20  10  10  25  20
1775   0  10  20  30  15  20
1777  20  10  20  20  15   0
1779   0  10   0  15  25   0
1780  20  10   0  20  15  20
1781   0  10  20  15  10  20
1782  20  30  20  25  25   0
1784   0  20  10  25  30  40
1785  60   0  10  10  25  20
1786  20  10  20  20  15  20
1787  20   0   0  15  25  40
1791   0  10   0  10  15  20
1794   0   0  40  15  30   0
1795  20  10  20  15  30  40
1797  40  10  40  20  10   0
1800   0   0   0  20  25   0
1805  20   0  10  25  15  40
1806   0  20   0  15  10  60
1807   0  30   0  25  10   0
1809  20   0   0  30  35  20
1810  20  10  10  10  20   0
1812  20  10   0  20  10  20
1813   0  10  10  20  15  20
1817  20   0  10  20  35   0
1819  20  20  20  25  30  20
1821   0  20  20  10  25  20
1823  20  10   0  10   5  20
1824  20  30   0  20   5  40
1826  20  10  10  25  15  20
1827   0  10  30  15  15  20
1830   0  20   0  25  25  40
1832  20  10  10  30  15  20
1835  20  10  20  10  20  20
1836   0  10  10  20  10  40
1838   0  30  30  15  10   0
1839  20  10  10  20  20   0
1840   0   0  10  15  10  20
1842   0  20  30  30  10  40
1845   0   0  10  20  20  20
1846  20  10  10  20  15  20
1847  40   0  10  20  15  20
1848  20   0   0  15   5   0
1852   0  20  30  25  20   0
1853   0   0  30  20  15   0
1854   0  10  10  15  25  20
1855   0   0  20  15  15  20
1856  20  10   0  15  25  20
1858   0  10  10  20  25  20
1862  20  20  30  25  15   0
1864  20  20  20  20  25  20
1865  20   0  10  30  25   0
1866  20  20  20  30  20   0
1868  60  10  10  20  10   0
1869   0  20  10  20   5   0
1870  20  20   0  20  25   0
1871   0   0  20  15  15   0
1872   0   0  10  10  10   0
1874   0  10   0  20  25  20
1875  40  20  10  15  10   0
1876  20  10  10  20  20  20
1877  20  10   0  25  20   0
1879  20  10  10   5  15  20
1880  20   0   0  15  20  40
1881  20  40  10  30  25   0
1882   0  30   0  20  15  40
1883   0   0  20  25  25  40
1885  20  30  30  20  20   0
1886  20  20   0  15  10  20
1887   0   0  30  15  15  40
1888   0  10  20  20  10  20
1890  20  10  30  10  20  20
1893  40  20  10  25  15  40
1894   0  10   0  20  15  20
1895   0  10  10  10  25  20
1898  20  30  10  10  15  20
1899   0  30  20  15  35  20
1900  20   0   0  30  15   0
1902  40  10  10  20  10   0
1905  20  20  10  15  30  40
1906  40  10  20  15  20   0
1907   0  30  40  10  25   0
1910   0  10  10  15  25   0
1911   0  20  20   5  35   0
1912   0   0  30  10  25   0
1913   0   0  10  20  25   0
1915  20  10  20  20  30   0
1918  20  30  10  25  15  60
1919   0  10  10  20  20  20
1922   0  10  30  15  35  20
1927  20  20  20  25   5  20
1928  20   0   0   5  25   0
1929  20  20  40  25  10  20
1930  20  20  20  25  20  20
1932   0  30  10  10  30  40
1933   0  40  20  20  10  20
1934  40  10  10  10   5   0
1935   0  30   0   5  25  40
1936  20  10   0  15  30  40
1938  20  10   0  15  30  20
1939  40  10  30  20  10  60
1940  40  10  20  20  20   0
1942  40  20  10  10  10  20
1943   0  10   0  20  15  20
1944   0  10  10  25   5  20
1945   0  40  20  20  10   0
1947   0  10  50  10  10  20
1948   0  20  10  15  30   0
1951   0  10   0  15  10   0
1952   0  20  10  10  10   0
1953   0  10  10  10  25  40
1957   0  10   0  15  25   0
1958   0  10  20  25  15   0
1959   0  30  20  30  20   0
1960   0   0  10  15  20  40
1963   0  10   0  20  20   0
1964  20  10  10  45  20  20
1965   0  10  10  25  15  20
1967  20  20  30  15  20   0
1972  40  20  30  15  15   0
1974   0  10  10  20  20  20
1975   0  10  30  15  30  20
1978  20  10   0  10  15   0
1979  20  10  10  15  15  20
1980   0  40   0  20  15   0
1981   0  10  10  25  20  60
1982  20  10  10  25  15  20
1985  40  10  10  10  10  40
1986   0  10  10  15  15   0
1988  20  10  30  15  20  40
1992  20  10  20  10  15  40
1993  40   0  40  25  20   0
1994   0  10  10  20  15  20
1995   0  10   0  20  15  20
1996  20   0  10  10  20  20
1999  20  10  10  20  15  40
2000   0  20   0  15  15   0
2001  20  30  10  15  15  20
2002  20  30  10  20  15  20
2003   0   0   0  30  25   0
2006  20  10  20  20  15   0
2009  20  20  30  25  10   0
2010  40  40   0  10  15  20
2011  20  10   0  15  15  40
2013  20  10  20  10  15  20
2016  20  10  20  30   5  20
2018   0  20  10  25  10   0
2020  20  10  20  10  20   0
2022   0  40  10  20  15   0
2023  40  30  40  25  20  40
2025  40  20  10  35  20  20
2026  20  20  20  20  25   0
2028   0  10   0  20  20  20
2030  20   0   0  30  15  20
2034  20  10  10  15  20  20
2035  40  20  30  10  20   0
2036  20   0  10  25  10  20
2037   0   0  20  30  25  40
2038   0  50  20  20   5  20
2039   0  30  10  15  20  20
2040   0  10  10  15   5   0
2044   0  10  10  25  20  20
2045  20  10  30  20   5  40
2048   0  10  30  20  15  20
2049  20  20  10  10  10  20
2050  40  20  20  10  10  40
2052   0  20   0  20  20  20
2053  20  10   0  10  10   0
2055  20  10   0  25  15  20
2057  20  40   0  20  25  20
2058   0  30   0  30  20   0
2059  40   0  20  25  10  20
2060  60  10  10  15  25   0
2062   0   0  10  25  15  20
2064  40   0  20  10   5  20
2065  40  10  30  20  30  40
2068  20  30  30   5  20   0
2070  20  10  20  20  20   0
2071   0   0   0  20  15  60
2073   0   0  10  15  20  40
2074   0  30  10  15  10   0
2075   0  20  10  10  10   0
2076   0   0  10  10  15   0
2077  20  10  40  25  30  20
2078   0  20  30  15  15   0
2080  20   0  10  15  10   0
2082  20  30  10  15  20  20
2083  20  20  10  15  20  20
2086   0  20  10  15  30  40
2087   0  30   0  15  10   0
2088   0  10  20  15  15   0
2089   0  20  10  10  15  40
2090  20  30  30   5  15   0
2091   0  30   0  15  20   0
2092   0  30  20   5  10   0
2093  40  30   0  10  10  20
2094  40   0   0  10  10  20
2096  40  20  30   5  20  20
2097   0  20  10  30  20  20
2099   0   0  30  20  10   0
2100   0  10   0  25  10  20
2103  40   0  20  20   5  20
2104   0  10  30  15  15   0
2106  20  20  10  15  25  20
2108   0  10  20  25  20   0
2114   0  10  10  30  20  20
2116  40   0   0  20  15   0
2117   0  20  10   5  30  40
2118  20  20  20  25  30   0
2119  20  10  10  30  15  20
2121  20  30  20  20  30  20
2124  20  10   0  10  20   0
2125   0  10  20  25  10   0
2127  20   0   0  20  20   0
2128   0  10  10  30   5   0
2129   0  20   0  15  20   0
2130  20  10  10  20  15  40
2133   0  30  20  30  30  20
2134   0  10  10  20  25   0
2137   0  10   0  15  10   0
2138   0  10  10   5  15  20
2141   0  30  30  10  15  20
2144   0   0  10  10  25   0
2146   0  10   0  20  15  40
2148  20  20  10  25  30  20
2149   0   0  20  15  20  20
2150   0  20  10  10  20  20
2151   0  10  10  25   5  20
2152   0  40  30  10   5  20
2153  20  10   0  10  25   0
2154  20  10  30  20  20   0
2155   0  10  10  10  15  20
2156  40  10  20  25  15  20
2159   0  10  10  15  40   0
2160  20   0   0  20   5  20
2162  20  30   0  25  20  20
2163   0  10  10  10  20   0
2165   0   0  10   5  10   0
2166   0   0   0  20  45  20
2168  40  20   0  20  10  20
2169  20  10  10  20  15  20
2170  20  10   0  20  15  40
2171   0  10  20   5  20   0
2172   0   0  10  10  15   0
2173  20  10  10  20  15  20
2178  20  10  30  15  25   0
2180  20  20  10  15  20  20
2181   0  10  30  15  25  40
2184  40   0  10  30  15   0
2185   0  20   0  15  15   0
2186  20  20  30  15  20  20
2187  40   0  10  20  30   0
2189   0   0  10  15  20  20
2190   0  20  20  20  20  20
2191   0  10  20  20  10  20
2195   0   0   0  10  20  40
2196  20   0  10  25  10  20
2198  20   0  10   5  15  40
2199  20  10  10  10  20  20
2200   0   0  10  15  20  40
2203  20   0  10  15  15  20
2206  20  40  20  20  20  20
2208   0  20  10  15  20   0
2209  40  10  40  20  15  40
2210   0  10  20  15  35  20
2211   0  20  20  20  15  20
2213  20  10   0  25  10  20
2215  20  20  30  25  25   0
2216  20  20   0  15  15   0
2218  20  10   0  20  15  20
2219   0  30   0  15  10  20
2222  20  10  10  15  10  20
2224   0  10  30  15   5  40
2227  40  10  10  25  25  20
2228  20  30  20  10  15  20
2229  20   0  10  10  25  20
2231   0  10   0  20  20   0
2233  20  20   0  10  25  20
2236   0  20  10  20  10  20
2237   0  20  10  20  10   0
2238   0  10  30  25  15   0
2239   0  10  20  20  20   0
2240   0  10   0  20   5  20
2242   0   0  40  25  25  20
2244  20  20   0  15  20  20
2246  20  20  30  15  25  20
2247  20  30  10  20  20  40
2248  20   0  30  10  20   0
2250  40  20  10  30  35  20
2251  20  20  10  25  30  20
2253  20  20   0  25  15  40
2254   0   0  20  15  15  40
2255  20  20  40  15  10  20
2256  60  10   0  15  30  20
2264  20   0  10  20  15   0
2265   0   0   0  15  20   0
2266   0  30  10  10  20  40
2267   0  20  20  20  10   0
2269  20  10   0  15  15  20
2270   0   0  30  20  20   0
2271  40  10  10  20  10  40
2272  20  20  20  10  25  20
2273  20   0  10   5  20  20
2275  20  10  20  10  25  20
2278   0  10  10  15  20   0
2280   0   0   0  15  15   0
2282  20  10  30  15  20   0
2283  20  20  20  20  10  20
2284   0   0  20  35  30   0
2288   0  20  10  10  15   0
2289  20  20  10  15  20  20
2291  20  20  30  15  10  20
2293   0  10  20  25  25   0
2294   0  20  10  30  10   0
2296  20  10  20  15  15  20
2297  40   0  30  20  15   0
2298   0   0  10  15  10  20
2299  20  10  20  10   5  20
2301  60   0  30  15   5  20
2302   0  30  20  25  20   0
2304   0  10  30  20  15  20
2305  20  20  30  15  25  20
2308  20  30  10  15  15  40
2311   0  30  20  20  10   0
2312  20  20  20  15  20   0
2313  40  20  10  25  20   0
2314  20   0  10  10  20   0
2315   0  10  30  20  30  20
2316  20  20  20  25  25  20
2317  40  20  20  10  15   0
2318   0  10  40  10  15   0
2319   0  10   0  20  10   0
2320  20  30   0  10  10   0
2321   0  30   0  15  10  20
2322  20  30  20  25  20  20
2327   0  10   0  10  25   0
2328  20  20  20  15  30   0
2329   0  20   0  25  15  20
2332  20  40   0  10  20   0
2334   0  10  20  10  15  20
2336  20  20  10  30  25  20
2341  40  20  10  15  15   0
2343   0   0  10  15  15  20
2345   0  10   0  20   5  20
2348  40  10  10  15   5   0
2350   0  10  20  10  20   0
2351  20  10   0  15  20   0
2352   0  30  20  10  15  20
2353  40  20  20  25  20  20
2358  40  10  40  30  15  20
2359   0  30   0  15  15   0
2360   0  20  20  10  10  20
2361  20  20  10  15  25  20
2362   0  10  40   5  10  40
2363  20  20  10  30  20  20
2365  20  10  20  25  20   0
2366   0  20   0  20  20   0
2367   0  10   0  25  10   0
2368  20  10  10   5  20   0
2370   0  10   0  25  10   0
2372  20  10   0  20  15  40
2374  20  10  30  20  15  20
2375  20  20  20  20  20   0
2376   0  10  10  30  10  20
2377  20  10  10  10  15   0
2379   0  20  20   5  10  20
2383  20   0  10  25  20  20
2385   0  20  10  10  10  20
2386  40  10  10  10  15  40
2392  20  10  10  15  20   0
2393   0  20   0  15  20  20
2395  20  20  10  25  15  20
2396  20   0  20  20  20   0
2400   0  30   0  15  15  20
2401   0  20   0  25  10   0
2402   0   0  10  30  20   0
2404   0  20  10  25   5   0
2406  20  10   0  30  15  20
2408  20  10  10   5  15  20
2409   0  20   0  20  15  20
2411  20  10  30  10  15  40
2418   0  10  20  10  20  40
2419  20  10  10  20  15   0
2420  40  20   0  25  25  20
2421   0  10  10  25  25  20
2423  20   0  20  10  10   0
2425   0  10  20  20  15   0
2427   0  10  20  25  25  20
2428   0  10  20   5  10   0
2429   0  10  10  15  40  20
2430   0  10  10   5  15  40
2431   0  20  10  20  15  20
2432   0   0  20  25  15   0
2434  40  30  20  25  15   0
2436   0  20  30  10  25  20
2437   0  30  30  20  15  20
2438   0  20  10  35  15   0
2440   0  20  30  20  15   0
2441  20  20  20   5  20  20
2444  20   0  20  20  10  40
2448   0  10  30  30  25   0
2454   0  20  10  20  15  20
2456   0  20  30  15  15  20
2457   0  20   0  25  25  40
2458  20  10  20  20  20  20
2459   0  30  20  20  15  40
2460  20  30   0  15  15   0
2461  40  20  10  20  15   0
2462   0  10  20  10  20  20
2463  20  10  20  25  25  20
2464  20  10   0  20  25  40
2467  40  30  20   5  15  40
2468   0  10   0  10  30  20
2470   0  20  10  20  15   0
2471   0  10   0  25  15  20
2472  40  10  10  10  10  20
2474   0  10  20  15  30  40
2475  20   0   0   5  25  20
2476  20  20   0  25  10   0
2477   0  10  20  15  15  20
2478   0  20  10  15   5  60
2480   0  10   0  25  10   0
2481   0  10  30  15  35  20
2484  20  10  20  25  25   0
2485   0  10  20  15  20   0
2486  20  10   0  30   5  20
2487  20  10   0  15   5   0
2489  40  10  10  25  10  20
2490  20  10  10  15  20  20
2494  20  10   0  10  30  40
2497   0  30  30  15  10  20
2500   0  10  30  35  15   0
2501   0  10   0  10  20  40
2502  20  20   0  10  20  20
2504  20   0  20  10  15   0
2507  20  30   0  20  15   0
2508  20  20  10  20  20   0
2509   0  20   0  10  20  20
2512  20  30  10  10  10  20
2513   0  20  10  20  20   0
2514  20  10   0  10  20  20
2515  20  40   0  25  15  20
2516  40   0  30  15  25  20
2517   0  10  10  15  15   0
2520   0   0   0  15  15   0
2521   0  30  10  20  25   0
2522   0  20  30  30  15   0
2524   0  20  10  30  20   0
2525   0   0  10  30  10  20
2526  20  10  10  30  10   0
2529  20  20  10  10  10  20
2530  20  10  10  25  10  40
2531  20   0  10  15  35  40
2532   0  10   0   5  15   0
2536  20   0  30  25  20  40
2537   0  30  10  15  10  60
2539   0  30   0  20  20  40
2542  60   0  10  20  20   0
2543  40   0  10  10  10  20
2544  20  20  20  35  10   0
2545   0  10  40  10  20   0
2546   0  20  30  10  10   0
2547   0  10  20  20  10   0
2549   0  10  10  20  20  20
2550   0  20  10  30  15  20
2551  20  20   0  10   5   0
2552   0   0  20  15  10  20
2553  20  10  20  25  15   0
2555  20  10  20   5  30   0
2556   0  20  10  20  20   0
2557  20  10  10  15  40  20
2559   0  30  30  20  15  20
2560   0  20  10  10  15   0
2561   0   0  10  25  15  20
2562   0   0  30  25  20   0
2563   0  10   0  20  15   0
2564  20  10  20  15  25  20
2565  20  40  20  15  15  20
2568   0  20  20  15  15   0
2571   0  20  10  10  20  40
2572   0  20  20  30  15   0
2574   0  10  10   5  15   0
2579  40  10  10  20  15  20
2580   0  10   0  15   5   0
2582   0  10  10  30  25  20
2583   0  20  20  10  25  40
2584   0  20  10  10  10   0
2585  20  10  20  30  10   0
2587  20  40  30  25  25   0
2588  40   0  10  20  20   0
2592   0  20  10   5  15  40
2593   0  10  30  15  20  20
2595   0  20   0  20  25   0
2597  20  20  10  20  20   0
2598   0  30   0  20  20   0
2599   0   0   0  20  30  20
2600  20  10   0  25  20  20
2601  20  10  40   5  25  40
2602  20  10   0  30  20   0
2603  20   0  20  15  25   0
2604  20  10   0  15   5  40
2608  20  20  10  15  30  20
2611  20   0  20   5  20  40
2612   0  20  20  10  20  20
2613   0  10  20  15  10   0
2615   0  10  10  10  10  40
2620  40  10  20  30  25   0
2622   0  10  20  35  10  40
2623   0  10  30  15  10   0
2626   0  20  30  10  30  40
2627   0  30   0  20  20  20
2629   0  20   0  25  10  20
2631  20  20  10  10  10  20
2632  20  20   0   5  25  20
2633  20  10  10  35  15  40
2635   0   0   0  20  15  20
2638   0  40   0  20  15  20
2639  20  20  20  20  25  40
2640   0  20   0  20  10  20
2641  20   0  10  25  20   0
2642  20  20  10  20  20  40
2643  40  20  10  15  15   0
2644   0  10  10   5  15   0
2650  20  10  10  20  15  20
2652  20   0  30  10  10   0
2653  20  10   0  20  20  20
2654  40  20  10  15  20  40
2655  40   0   0  15  15   0
2656   0  30   0  15  10  20
2660   0  10  20  30  20  20
2661   0  10  10  15  30   0
2666  20   0  30  25  20  20
2667  20   0  20  25  10  20
2668   0  20  30  20  30   0
2670  20  20  30  15   5  40
2671  20   0  10  20  30  20
2673   0  10  10  15  20  20
2674   0   0  30  20  20   0
2679   0  20   0  20  10  40
2683  20  30   0  35  30  60
2685   0   0  40  15  20   0
2686   0  20  20  20  20  40
2687   0  20   0  15  20  20
2688   0  10  20  15  15  40
2690   0   0  20  30  25   0
2691   0   0  10  20  30   0
2692   0   0  30  15  15  20
2693   0  20  10  15  20   0
2696  20  40  20  25  20  20
2697  20  30  10  15  20   0
2699  20   0   0  15  20   0
2704   0  20  20  25  25  40
2705   0  10   0  30  20   0
2706  20  10  10  15  15   0
2707   0  20  10  10  15   0
2710   0  10   0  30  20  60
2711  20   0  10  25  20  20
2712  40  10  10  10  15  20
2713  20  20   0  10  15  40
2714   0  10  20  30  40  20
2718   0  30  20  10  25  20
2720   0   0   0  15  25  20
2721   0  10   0  20  20   0
2722   0  20  20  20  15  20
2724   0  10  10  30  15   0
2726  20  10  20  15  25  20
2727   0  30  30   5  10   0
2728  20  20  10  20  10  20
2730   0  10  10  20  10   0
2732   0  20  10  10  25  20
2733  20  10  10  10  15   0
2734  20  20  10   5  20   0
2735   0   0   0  20  20  20
2737   0  10  20  10  10  20
2739   0  20   0   5  10  20
2740   0  30  30  15  25  40
2741  20  20  30  10  25  20
2744   0  20  20  15  25   0
2745  20  20   0  20  20   0
2747  20  10  20   5  15   0
2749  20  10   0  20  30   0
2750  20  40   0  20  30   0
2751   0   0  10  15  15   0
2752   0  20  10  20  10  20
2757   0  40  30  10  20  40
2758   0  40  20  25  20  40
2761   0  20  10  15  25  20
2764   0  10  10  15  20   0
2765  20   0   0  25  20  20
2766   0  10  30  25  10  20
2767   0  20  30  20  10  20
2768  20  10  10  10   5   0
2770   0   0  10  15  20   0
2771  20  30   0  15  20  20
2772  40  30  20  10  25   0
2773   0  10  10  15  30  20
2776   0  10   0  10  20  40
2777   0  10  10  10  20   0
2779  20  20  20  20  25   0
2781  20  20  50  15  10  20
2785   0  10   0  15  15   0
2787  40  10  20  15  10  20
2789   0   0  20  25  10  20
2790  20   0  30  20  10  60
2792   0  20  10  15  10  40
2794  20  30  20  15  15   0
2799   0  30   0  40  10  40
2800  20  10  10  10  15  20
2801  20  20  10  20  20  20
2802  20  30  10  25  15   0
2803   0  10  10  30  10   0
2805  40  30  10  20  20  40
2806   0  30  20  30  25  20
2808  20  20  20  30  20   0
2809  40  30   0  25  10   0
2811  20   0  20   5  10   0
2813   0   0  30  15  10   0
2816   0   0  10  10  30   0
2817   0   0  20  10  25   0
2818  20  10  20  10   5   0
2820   0   0   0  20  10   0
2822  20  10  20  20  15  20
2823   0  10  20  35  10  20
2824  20  10  20  15  15   0
2825   0  40  30  10  25  20
2826   0   0   0  15   5   0
2828   0  30  10  15  20   0
2829   0  10   0   5  30  40
2831  40  30  20  30  10   0
2833  20  10  20  20  10  20
2835  20  20  20  30  10   0
2836   0  20  10  15  25  40
2839  20  20  30  20  15  40
2840  20  20   0  15   5   0
2844  20  30   0  20  10  20
2845   0   0   0  20  10   0
2849  60   0  20  10  35   0
2850   0  20   0  10  20  20
2852  20  10  10  15  15  20
2853   0  10  30  15  15  60
2855  20  30  20  20  20  40
2859   0  10  10  20  25  40
2860   0  30  10  20  20   0
2862  20  10  10  20  25  40
2864   0  10  20  20  10   0
2866   0  10  30  15  25   0
2868   0  10   0  20  20   0
2869  20   0   0  10  15  20
2870  20  20  20  20  35  20
2873   0  20  20   5  10  20
2875   0  20   0   5  30  20
2877   0  10  10  15  10   0
2878  20  10  20  20  10  20
2879  40  20  10  25  25  20
2880  20  10  10  30  20   0
2881  40  10  30  20   5   0
2884  20   0   0  15  10   0
2885  20  10  20  10  15   0
2886   0   0  20  10  15   0
2887  20  20  10  25  25  40
2888  20  30  40   5  15   0
2889   0  20  10  20  20  20
2890   0  20  40  30  15   0
2893  20   0  10  25  15  60
2897   0  10  10   5  10  20
2901   0  10  10  15  25  20
2903  20  20  30  10  20   0
2905   0   0   0  10  10  20
2907   0  10  20  20  20   0
2908  40   0  30  20  25  40
2909  20  30  20  20  20  20
2911   0  10  10  20  30  40
2912  20  30   0  10  20   0
2913   0  20  10  25  25   0
2916   0  20  30   5  30  20
2918   0  20  10  30  15  40
2919   0  10   0  10  10  60
2921   0  20  20  10  20   0
2925  20  20  30  45  30  20
2927  20   0  20  30  10  20
2928  20   0  20  15  15  40
2929  20  10  40  10  20  20
2932  20  10   0  20  10  20
2933   0   0  30  25  10   0
2935  20  10  20  10  10  20
2939   0  10  10  15  15  60
2940   0  20  10  20  15   0
2942   0  10  10   5  25  40
2943   0   0  20  15  15   0
2945  20  10   0  15   5  40
2947   0   0  10  15  10   0
2949  40  20  10  15  10  20
2950  20   0   0  30  25  20
2951   0  10  20  15  10  20
2952  20  10  20  30  15   0
2954   0  20  20  30  30   0
2955   0  10  10  25  15  40
2956   0  10  30  15  20  20
2958   0   0  10  25   5  40
2959  20   0   0   5  15   0
2960   0   0   0  10  10   0
2964   0  10  10  15  20  20
2967   0  10  10  10  15  20
2971   0  20  20  25  10  20
2972   0  30  40  15   5  20
2973  20  10  20  15  15   0
2974   0  10  30  20  25  60
2976  20  20   0  15  25   0
2977   0  40   0  10  35   0
2978   0  30  10  20  15   0
2981  20  30  10  25  20   0
2982   0  30  10  20  10   0
2983   0   0  30  15  15   0
2984  20  20  20  15   5  20
2986   0  10  40  20  20  40
2987   0  40   0  15  15   0
2988   0  40  20  10  25  20
2990  40  30  20  10  15  40
2991   0  20   0  20  10   0
2992   0  30   0  30  15  20
2994  20  10   0  10  10  20
2995   0  20  10  10  25  20
2998  20  20  20  10  20  20
9990  40  10  10  30  15  20
